$ 1 0.000005 10.20027730826997 50 5 50 5e-11
f 304 240 352 240 32 1.5 0.9615384615384617
172 240 240 208 240 0 7 3.3 3.3 0 0 0.5 Gate Voltage
w 352 256 352 304 0
w 352 224 352 192 1
172 272 144 272 112 0 7 3.3 3.3 0 0 0.5 Drain Voltage
g 352 304 352 320 0 0
r 240 240 304 240 0 1000
r 304 240 304 304 0 10000
w 304 304 352 304 0
r 304 176 304 240 0 100000
172 304 176 272 176 0 7 3.3 3.3 0 0 0.5 Gate Voltage
r 352 144 352 192 0 10.9
34 fwdrop\q3.2-2 1 1e-10 0 5.373061442429424 0 1
d 272 144 352 144 2 fwdrop\q3.2-2
o 0 64 0 4099 0.0390625 0.05 0 2 0 3
38 11 F1 0 1 100 -1 Resistance
